lastAccountName: GTongsters
timestamps:
  login: 1586030830878
  logout: 1586030907951
ipAddress: 127.0.0.1
lastlocation:
  world: world
  x: 65.5
  y: 67.0
  z: 60.5
  yaw: 3.9723184
  pitch: 0.0
logoutlocation:
  world: world
  x: 63.30000001192093
  y: 67.0
  z: 56.69999998807907
  yaw: -61.43998
  pitch: 19.046404
